0.81391260673 0.789152542373 0.770557029178 0.816513761468
0.801903781837 0.786373314407 0.768500948767 0.79493835172
0.809129671432 0.782608695652 0.772667542707 0.798083067093
0.799588900308 0.785997357992 0.752971410215 0.802702702703
0.80115635998 0.779077770131 0.767822105952 0.804635761589
0.801045816733 0.763140817651 0.760715491056 0.807302231237
0.799054961452 0.773801485483 0.766588862954 0.812416555407
0.808559128893 0.774237288136 0.783862605314 0.815312290128
0.797079556898 0.779638312123 0.774225774226 0.81711299804
0.795531306833 0.778699861687 0.757911392405 0.819948186528
0.789406016971 0.755172413793 0.779270633397 0.783572359844
0.803465218516 0.77221438646 0.77393785669 0.797435897436
0.812786551197 0.766328011611 0.785806037251 0.795066413662
0.806127839408 0.75702247191 0.775753768844 0.803738317757
0.818532818533 0.758840169731 0.779133226324 0.822082018927
0.799286805909 0.773991655076 0.770985112449 0.791610284168
0.801661474559 0.762953367876 0.761232349166 0.792871553463
0.792795031056 0.767868852459 0.766867067468 0.80618556701
0.800596044432 0.774308019872 0.77737336973 0.802746566792
0.813040256854 0.781990521327 0.77498323273 0.798792756539
