0.81391260673 0.789152542373 0.770557029178 0.816513761468
0.801903781837 0.786373314407 0.768500948767 0.79493835172
0.809129671432 0.782608695652 0.772667542707 0.798083067093
0.799588900308 0.785997357992 0.752971410215 0.802702702703
0.80115635998 0.779077770131 0.767822105952 0.804635761589
0.801045816733 0.763140817651 0.760715491056 0.807302231237
0.799054961452 0.773801485483 0.766588862954 0.812416555407
0.808559128893 0.774237288136 0.783862605314 0.815312290128
0.797079556898 0.779638312123 0.774225774226 0.81711299804
0.795531306833 0.778699861687 0.757911392405 0.819948186528
