0.80561277034 0.787360105332 0.774538386783 0.813121272366
0.830304518664 0.768085106383 0.786852589641 0.830564784053
0.794073329985 0.785419532325 0.772682607272 0.805298013245
0.802953020134 0.790647482014 0.770964833183 0.800256904303
0.795745771399 0.778877887789 0.7805907173 0.812791472352
0.815156169995 0.776486671224 0.774951706375 0.791994750656
0.809608091024 0.774215552524 0.777631144837 0.822882999354
0.816247080197 0.786622073579 0.786220218931 0.814886731392
0.792871900826 0.783873099802 0.772929936306 0.782903663501
0.807981342317 0.780189959294 0.773813316343 0.784544859201
