0.827214377407 0.770194986072 0.76928 0.814646791964
0.795287560172 0.773411918795 0.769487008661 0.788575180565
0.800914169629 0.773276474769 0.768550678876 0.787491593813
0.817908201655 0.788378766141 0.775703994761 0.803708439898
0.802487562189 0.767978290366 0.771561771562 0.805592543276
0.792046605876 0.770779220779 0.766420911528 0.787819253438
0.809242618742 0.769614835949 0.771896053898 0.817034700315
0.781682914315 0.766101694915 0.77528809219 0.810252996005
0.78021978022 0.773182121414 0.749920559263 0.776616590464
0.792648922687 0.752993068683 0.765040106952 0.774915254237
