0.809855521156 0.772442588727 0.787240829346 0.825918762089
0.821014679372 0.779848171153 0.774465327285 0.819101834282
0.806815270305 0.76903057905 0.773022049287 0.806101694915
0.816566501176 0.788326300985 0.784232365145 0.818181818182
0.830996494742 0.768577494692 0.790569105691 0.820039551747
0.808808016878 0.778968519759 0.773447401774 0.808087291399
0.799197860963 0.786694101509 0.771820448878 0.797865662272
0.80629095675 0.776200135227 0.782915863841 0.807039597737
0.783804827407 0.767333333333 0.774519387423 0.788839568802
0.811895910781 0.792767732962 0.778954334878 0.801861702128
