0.681452658885 0.651147540984 0.66131147541 0.718291905672
0.689646527952 0.636920980926 0.654284783317 0.710794297352
0.708135235077 0.661256175018 0.672456575682 0.699109414758
0.682600382409 0.650310988252 0.643033292232 0.661202185792
0.685537700865 0.649698593436 0.662582781457 0.7120055517
0.679460580913 0.654662379421 0.657971014493 0.701955495617
0.706302966102 0.659279778393 0.668728734921 0.720569210867
0.71016014702 0.646219686163 0.677580293109 0.691967109424
0.676463071812 0.665100671141 0.654615881214 0.662883845127
0.699041699042 0.647426981919 0.6658105939 0.717981072555
