0.711833550065 0.645861601085 0.665266558966 0.709148264984
0.695417095778 0.6843832021 0.6624057686 0.731818181818
0.697764070933 0.651271753681 0.671986970684 0.706606217617
0.69466840052 0.666666666667 0.652534268409 0.697551290536
0.713808176909 0.68166325835 0.654904499838 0.717503217503
0.709127892194 0.662153449387 0.66060806345 0.698455339154
0.697989949749 0.642668428005 0.666777078503 0.722072678331
0.688545362392 0.645653616457 0.662921348315 0.707236842105
0.709808917197 0.662905500705 0.671281390856 0.727096774194
0.700662927078 0.650836120401 0.679300291545 0.698996655518
