0.811845800357 0.764261168385 0.790285526748 0.796835443038
0.808862087048 0.801152737752 0.776364764268 0.801017164654
0.80563002681 0.763193504736 0.780427376897 0.812419974392
0.81861396047 0.784741144414 0.792542372881 0.8125
0.800482056776 0.777166437414 0.780233271946 0.804893754024
0.815261044177 0.78067169294 0.784646061815 0.806076276665
0.804580532736 0.758738862234 0.782025486251 0.828033744322
0.790142276423 0.76747311828 0.775214238629 0.807916937054
0.806518365235 0.786312849162 0.782336360789 0.822281167109
0.813803376365 0.796332678454 0.772681281619 0.814063556457
