0.797181680926 0.743935309973 0.779229480737 0.800128534704
0.806219480853 0.773932253314 0.75952529669 0.801033591731
0.788797533402 0.764119601329 0.764278639815 0.792116973935
0.79974779319 0.766224703419 0.770854271357 0.814356435644
0.794407042983 0.744415243101 0.749517063748 0.777335984095
0.790267639903 0.769179004038 0.771545827633 0.809330628803
0.802518891688 0.761044176707 0.771447282253 0.796083727211
0.776373484653 0.753962784287 0.763827082009 0.783606557377
0.802507035047 0.780370624571 0.761737464069 0.78828229028
0.804600606673 0.772143340095 0.769838656569 0.784544859201
