0.799380325329 0.778779472954 0.76051364366 0.803059273423
0.790600522193 0.75625 0.763280521901 0.788741721854
0.810139416984 0.768318213538 0.764030193633 0.824650571792
0.784766454352 0.761904761905 0.76173857868 0.772962483829
0.802657973922 0.775967413442 0.776293823038 0.808165910564
0.783148100284 0.769793745842 0.763653784733 0.793449197861
0.798954248366 0.775933609959 0.765380937201 0.79949717159
0.801285347044 0.752263906856 0.763577235772 0.797043010753
0.820618556701 0.776912181303 0.767670364501 0.809922680412
0.801348547718 0.762266758811 0.774110032362 0.826899128269
