0.807592303692 0.789401238816 0.768818897638 0.815737704918
0.80583029672 0.774687065369 0.762594458438 0.796500324044
0.815769522365 0.765927977839 0.789645066754 0.805500982318
0.804202719407 0.774825174825 0.774075308231 0.80761654629
0.788232175987 0.777319587629 0.75540025413 0.797288971041
0.803316921482 0.784050811574 0.765705128205 0.795383655646
0.794824882384 0.792465300727 0.75969240628 0.77452891488
0.807266982622 0.782178217822 0.774102079395 0.806571605704
0.823803363519 0.778682959946 0.781007751938 0.809584664537
0.800049554014 0.774725274725 0.7728026534 0.794235924933
0.798291040911 0.762035763411 0.783843483749 0.787318361955
0.789878113408 0.763560500695 0.766360856269 0.797626895188
0.788341968912 0.775242047026 0.770253164557 0.780821917808
0.791800444554 0.761114797611 0.770608108108 0.807147673635
0.805921052632 0.768479776848 0.766461239053 0.796078431373
0.814163736816 0.771180787191 0.764135162262 0.826030085023
0.797314416012 0.776376907764 0.760805014847 0.800528401585
0.818020754239 0.785515320334 0.777049180328 0.811779769526
0.798256857216 0.758831521739 0.779578606159 0.813757300454
0.803206620119 0.783321941217 0.774245864418 0.81210592686
