0.692248062016 0.650815217391 0.6552282292 0.688775510204
0.699082568807 0.655396618986 0.644255050505 0.684709066306
0.684459637129 0.6369168357 0.671437461108 0.661343978709
0.691054873465 0.664041994751 0.647097844113 0.686861810756
0.688605619147 0.666215301286 0.643769968051 0.68669250646
0.677939233818 0.657394843962 0.640122511485 0.677966101695
0.680951136661 0.641216216216 0.651969981238 0.660642570281
0.682518238314 0.643342391304 0.640528905289 0.662007623888
0.673205988642 0.652427184466 0.643580529239 0.701777485188
0.683869294606 0.651907356948 0.65625 0.691358024691
