0.810587054691 0.783231083845 0.764960106383 0.807542262679
0.792604085855 0.773097826087 0.771141150582 0.780256930358
0.819891780469 0.773623385452 0.780979827089 0.814960629921
0.79677335415 0.771018455229 0.777846919726 0.79107505071
0.792091519523 0.764705882353 0.772434812056 0.802675585284
0.821566110398 0.781704781705 0.77530625403 0.819756254009
0.802884615385 0.758874748828 0.784072515377 0.799317406143
0.783529411765 0.778069599475 0.765525982256 0.785953177258
0.796875 0.775 0.783184376034 0.812418300654
0.805825242718 0.767729342876 0.775261912808 0.821900566394
