0.790097445352 0.76462585034 0.759438377535 0.796332678454
0.796717171717 0.786759581882 0.762366634336 0.796161482462
0.81592039801 0.776944065484 0.761560239069 0.814332247557
0.798264071541 0.761099365751 0.758780036969 0.787206266319
0.785458269329 0.779933110368 0.76512455516 0.813536828135
0.813353957205 0.766828591256 0.772119669001 0.797007156799
0.807893361213 0.773749093546 0.769730733519 0.80166346769
0.808516063233 0.773114754098 0.772322899506 0.792353328939
0.783399800598 0.756245779878 0.767348307073 0.784635587656
0.797038549911 0.769965870307 0.760115606936 0.799733865602
